20150608,20150614,1.31
20150615,20150621,1.35
20150622,20150628,1.30
20150629,20150705,1.37
20150706,20150712,1.50
20150713,20150719,1.59
20150720,20150726,1.48
20150727,20150802,1.69
20150803,20150809,1.69
20150810,20150816,1.78
20150817,20150823,1.89
20150824,20150830,2.02
20150831,20150906,1.87
20150907,20150913,1.96
20150914,20150920,2.03
20150921,20150927,1.99
20150928,20151004,2.13
20151005,20151011,2.08
20151012,20151018,2.12
20151019,20151025,2.18
20151026,20151101,2.31
20151102,20151108,2.42
20151109,20151115,2.44
20151116,20151122,2.48
20151123,20151129,2.41
20151130,20151206,2.35
20151207,20151213,2.32
20151214,20151220,2.34
20151221,20151227,2.30
20151228,20160103,2.20
20160104,20160110,2.16
20160111,20160117,2.15
20160118,20160124,2.08
20160125,20160131,2.10
20160201,20160207,2.09
20160208,20160214,1.99
20160215,20160221,1.79
20160222,20160228,1.73
20160229,20160306,1.58
20160307,20160313,1.51
20160314,20160320,1.44
20160321,20160327,1.35
20160328,20160403,1.25
20160404,20160410,1.15
20160411,20160417,1.07
20160418,20160424,1.05
20160425,20160501,0.81
20160502,20160508,0.78
20160509,20160515,0.59
20160516,20160522,0.25
20160523,20160529,0.09
20160530,20160605,0.09
20160606,20160612,0.20
20160613,20160619,0.24
20160620,20160626,-0.16
20160627,20160703,-0.15
20160704,20160710,-0.24
20160711,20160717,-0.21
20160718,20160724,-0.20
20160725,20160731,-0.37
20160801,20160807,-0.33
20160808,20160814,-0.43
20160815,20160821,-0.34
20160822,20160828,-0.42
20160829,20160904,-0.37
20160905,20160911,-0.41
20160912,20160918,-0.52
20160919,20160925,-0.31
20160926,20161002,-0.43
20161003,20161009,-0.62
20161010,20161016,-0.45
20161017,20161023,-0.44
20161024,20161030,-0.49
20161031,20161106,-0.49
20161107,20161113,-0.40
20161114,20161120,-0.24
20161121,20161127,-0.25
20161128,20161204,-0.25
20161205,20161211,-0.27
20161212,20161218,-0.35
20161219,20161225,-0.34
20161226,20170101,-0.28
20170102,20170108,-0.39
20170109,20170115,-0.28
20170116,20170122,-0.21
20170123,20170129,-0.31
20170130,20170205,-0.29
20170206,20170212,-0.11
20170213,20170219,0.13
20170220,20170226,0.16
20170227,20170305,0.08
20170306,20170312,0.05
20170313,20170319,0.17
20170320,20170326,0.20
20170327,20170402,0.25
20170403,20170409,0.25
20170410,20170416,0.33
20170417,20170423,0.50
20170424,20170430,0.49
20170501,20170507,0.45
20170508,20170514,0.54
20170515,20170521,0.45
20170522,20170528,0.54
20170529,20170604,0.50
20170605,20170611,0.48
20170612,20170618,0.50
20170619,20170625,0.57
20170626,20170702,0.52
20170703,20170709,0.56
20170710,20170716,0.47
20170717,20170723,0.35
20170724,20170730,0.23
20170731,20170806,0.14
20170807,20170813,0.01
20170814,20170820,-0.01
20170821,20170827,-0.06
20170828,20170903,-0.16
20170904,20170910,-0.34
20170911,20170917,-0.32
20170918,20170924,-0.28
20170925,20171001,-0.08
20171002,20171008,-0.01
20171009,20171015,-0.38
20171016,20171022,-0.51
20171023,20171029,-0.29
20171030,20171105,-0.37
20171106,20171112,-0.66
20171113,20171119,-0.53
20171120,20171126,-0.67
20171127,20171203,-0.78
20171204,20171210,-0.71
20171211,20171217,-0.78
20171218,20171224,-0.66
20171225,20171231,-0.62
20180101,20180107,-0.73
20180108,20180114,-0.71
20180115,20180121,-0.59
20180122,20180128,-0.59
20180129,20180204,-0.61
20180205,20180211,-0.55
20180212,20180218,-0.59
20180219,20180225,-0.62
20180226,20180304,-0.60
20180305,20180311,-0.58
20180312,20180318,-0.58
20180319,20180325,-0.68
20180326,20180401,-0.47
20180402,20180408,-0.31
20180409,20180415,-0.23
20180416,20180422,-0.30
20180423,20180429,-0.23
20180430,20180506,-0.17
20180507,20180513,-0.05
20180514,20180520,0.13
20180521,20180527,0.15
20180528,20180603,0.13
20180604,20180610,0.15
20180611,20180617,0.30
20180618,20180624,0.48
20180625,20180701,0.53
20180702,20180708,0.46
20180709,20180715,0.49
20180716,20180722,0.42
20180723,20180729,0.40
20180730,20180805,0.27
20180806,20180812,0.23
20180813,20180819,0.35
20180820,20180826,0.29
20180827,20180902,0.26
20180903,20180909,0.31
20180910,20180916,0.20
20180917,20180923,0.24
20180924,20180930,0.49
20181001,20181007,0.67
20181008,20181014,0.74
20181015,20181021,0.74
20181022,20181028,0.83
20181029,20181104,0.94
20181105,20181111,0.91
20181112,20181118,0.84
20181119,20181125,0.78
20181126,20181202,0.94
20181203,20181209,0.97
20181210,20181216,0.78
20181217,20181223,0.67
20181224,20181230,0.71
20181231,20190106,0.58
20190107,20190113,0.54
20190114,20190120,0.43
20190121,20190127,0.32
20190128,20190203,0.36
20190204,20190210,0.38
20190211,20190217,0.54
20190218,20190224,0.60
20190225,20190303,0.80
20190304,20190310,0.79
20190311,20190317,0.81
20190318,20190324,0.85
20190325,20190331,0.78
20190401,20190407,0.79
20190408,20190414,0.75
20190415,20190421,0.76
20190422,20190428,0.76
20190429,20190505,0.74
20190506,20190512,0.71
20190513,20190519,0.67
20190520,20190526,0.76
20190527,20190602,0.87
20190603,20190609,0.77
20190610,20190616,0.75
20190617,20190623,0.62
20190624,20190630,0.50
20190701,20190707,0.63
20190708,20190714,0.57
20190715,20190721,0.49
20190722,20190728,0.47
20190729,20190804,0.34
20190805,20190811,0.22
20190812,20190818,0.24
20190819,20190825,0.06
20190826,20190901,-0.08
20190902,20190908,-0.10
20190909,20190915,-0.15
20190916,20190922,0.11
20190923,20190929,0.24
20190930,20191006,0.40
20191007,20191013,0.47
20191014,20191020,0.60
20191021,20191027,0.68
20191028,20191103,0.68
20191104,20191110,0.59
20191111,20191117,0.67
20191118,20191124,0.61
20191125,20191201,0.43
20191202,20191208,0.43
20191209,20191215,0.43
20191216,20191222,0.38
20191223,20191229,0.38
20191230,20200105,0.56
20200106,20200112,0.47
